406026
409215
409216
409220
409896
410747
410748
410750
415690
416057
416066
430796
432649
432650
432652
432667
432668
432673
432682
432683
432683
432684
432684
432690
433827
434129
434130
434351
434352
434353
434354
434355
434356
434357
434358
434359
434360
434361
434395
434396
434397
434398
434398
434706
434708
434709
434711
434712
434885
434899
434907
434908
435144
9921567
9925129
9926011
9926812
9934950
9935628
9979776
9982649
9982653
9983833
9984229
9984353
9984363
9991223
9993155
9993156
9993157
9993158
9993569
9994743
9994744
9995398	
9995400
9995401
9995403
9995950
9995957
9996974
9997163
9997165
9997166
9997167
9997168
9997169
9997170
9997172
9997173
9997175
9997239
9997241
9997251
9998132
99409215
99409216
99409220
99409896
99410545
99416057
99416066